procs -----------memory---------- ---swap-- -----io---- -system-- ------cpu-----
 r  b   swpd   free   buff  cache   si   so    bi    bo   in   cs us sy id wa st
 0  0      0 6492472  74920 880712    0    0    75     0   35   50  0  0 100  0  0
 0  0      0 6492220  74920 880712    0    0     0     0   48   71  0  0 100  0  0
 0  0      0 6492220  74920 880712    0    0     0     0  204  346  0  0 100  0  0
 0  0      0 6492220  74920 880712    0    0     0     0  131  211  0  0 100  0  0
 0  0      0 6491996  74920 880712    0    0     0     0  763 1351  0  0 100  0  0
 0  0      0 6491996  74920 880712    0    0     0     0  269  467  0  0 100  0  0
 0  0      0 6491996  74920 880712    0    0     0     0   97  150  0  0 100  0  0
 0  0      0 6491996  74920 880712    0    0     0     0  139  236  0  0 100  0  0
